240
10
0000
0000
0000
0000
0001
0000
0000
0000
1000
0000
0000
0000
0001
0000
0000
0000
1000
0000
0000
0000
0001
0000
0000
0000
1000
0000
0000
0000
0001
0000
0000
0000
1000
0000
0100
0000
0010
0000
0001
0000
1000
0000
0100
0000
0010
0000
0001
0000
0100
1000
0001
0010
1000
0000
0001
0000
1000
0000
0000
0010
0100
1000
0010
0100
0001
0000
1000
0001
0010
0000
0000
0000
0100
0001
0010
0000
1000
0000
0000
0001
0000
0000
0010
1000
1000
0010
0001
1000
0000
0000
0000
0010
1000
0100
0010
0001
0100
0000
0010
1000
0001
0000
0100
0010
0000
0000
0100
0001
1000
0000
0100
1000
0010
0001
0000
1000
0000
0100
0010
1000
0001
0010
0000
0100
0010
1000
0001
1000
0100
0010
0001
0001
0010
0100
1000
1000
0100
0010
0001
0001
0010
0100
1000
1000
0100
0010
0001
0001
0010
0100
1000
1000
0100
0010
0001
0001
0010
0100
1000
1001
1001
1001
1001
1001
1001
1001
1001
1001
1001
1001
1001
1001
1001
1001
1001
1001
1001
1001
1001
1001
1001
1001
1001
1001
1001
1001
1001
1001
1001
1001
1001
1001
1001
1001
1001
1001
1001
1001
1001
1001
1001
1001
1001
1001
1001
1001
1001
1001
1001
1001
1001
1001
1001
1001
1001
1001
1001
1001
1001
1001
1001
1001
1001
1001
0110
1001
0110
1001
0110
1001
1001
0110
1001
0110
1001
0110
1001
1001
0110
1001
0110
1001
0110
1001
1001
0110
1001
0110
1001
0110
1001
1001
0110
1001
0110
1001
0110
1001
1001
0110
1001
0110
1001
0110
1001
1001
0110
1001
0110
1001
0110
1001
0100
1001
0011
1001
0101
1001
1100
1001
0000
0000
0000
0110
0000
0000
0000
1010
0000
0000
0000
0101
0000
0000
0000
1001
0000
0000
0000
0110
0000
0000
0000
1010
0000
0000
0000
0101
0000
0000
0000
1001
0000
1001
0000
1001
0000
1001
0000
0000
0000
0000
0000
0000
0000
0000
0000
0000